{
 "cells": [
  {
   "cell_type": "markdown",
   "id": "f64971b8",
   "metadata": {},
   "source": [
    "# Шейкер"
   ]
  },
  {
   "cell_type": "code",
   "execution_count": 21,
   "id": "1c61de10",
   "metadata": {},
   "outputs": [
    {
     "name": "stdout",
     "output_type": "stream",
     "text": [
      "Слева на право:\n",
      "[178, 56, -1020, 2019, -78, -4, 5, 90, 10, 12333]\n",
      "Справа на лево:\n",
      "[-1020, 178, 56, -78, 2019, -4, 5, 10, 90, 12333]\n",
      "Слева на право:\n",
      "[-1020, 56, -78, 178, -4, 5, 10, 90, 2019, 12333]\n",
      "Справа на лево:\n",
      "[-1020, -78, 56, -4, 178, 5, 10, 90, 2019, 12333]\n",
      "Слева на право:\n",
      "[-1020, -78, -4, 56, 5, 10, 90, 178, 2019, 12333]\n",
      "Справа на лево:\n",
      "[-1020, -78, -4, 5, 56, 10, 90, 178, 2019, 12333]\n",
      "Слева на право:\n",
      "[-1020, -78, -4, 5, 10, 56, 90, 178, 2019, 12333]\n",
      "Справа на лево:\n",
      "[-1020, -78, -4, 5, 10, 56, 90, 178, 2019, 12333]\n",
      "Слева на право:\n",
      "[-1020, -78, -4, 5, 10, 56, 90, 178, 2019, 12333]\n",
      "Справа на лево:\n",
      "[-1020, -78, -4, 5, 10, 56, 90, 178, 2019, 12333]\n",
      "Итог: [-1020, -78, -4, 5, 10, 56, 90, 178, 2019, 12333]\n",
      "Введите число, которое хотели бы найти 12\n",
      "Вашего числа нету в списке :(\n"
     ]
    },
    {
     "data": {
      "text/plain": [
       "-1"
      ]
     },
     "execution_count": 21,
     "metadata": {},
     "output_type": "execute_result"
    }
   ],
   "source": [
    "#Смысл сортировки шейкером в проходе слева на право и справа на лево и сравнении элементов с целью нахождения максимального значения в диапазоне наших границ\n",
    "test = [178,2019,56,-1020,12333,-78,-4,5,90,10] #Входные данные которые нужно рассортировать\n",
    "\n",
    "left = 0 #Левая граница\n",
    "right = len(test) - 1 #Правая граница с учетом сравнения текущего и следующего элемента в списке\n",
    "\n",
    "while left <= right: # Условие при котором пока границы не пересекутся сортировка не остановится\n",
    "    print(\"Слева на право:\")\n",
    "    for i in range(left, right): # Присваиваем переменной i индексы нашего списка\n",
    "        #print(test)\n",
    "        if test[i] > test[i + 1]: # Если при сравнении окажется что текущий элемент больше следующего\n",
    "            test[i], test[i + 1] = test[i + 1], test[i] # Они меняются местами\n",
    "    right -= 1 # Сужаем границу справа на 1 элемент т.к. мы узнали сортировкой самое большое число и его можно не сравнивать\n",
    "    print(test)\n",
    "    \n",
    "    print(\"Справа на лево:\")\n",
    "    for i in range(right, left, -1): # Присваиваем переменной i индексы нашего списка справо на лево\n",
    "        #print(test)\n",
    "        if test[i - 1] > test[i]: # Если элемент левее больше нашего текущего\n",
    "            test[i], test[i - 1] = test[i - 1], test[i] # Они меняются местами\n",
    "    left += 1 # Сужаем левую границу на 1 т.к. мы нашли самый маленький элемент в итерации Справа на лево\n",
    "    print(test)\n",
    "\n",
    "print(\"Итог:\",test) # Выводим результат\n",
    "\n",
    "# Линейный поиск\n",
    "# Идея в пробегании через каждый элемент по индексу и сравнении с нашим запрашиваемым значением\n",
    "def linear_search(listik, n, target): \n",
    "    for i in range(0, n): # Индексы\n",
    "        if (listik[i] == target): # Если находим элемент\n",
    "            print(\"Ваше число под индексом: \",i)\n",
    "            return i # Возвращаем индекс\n",
    "    print(\"Вашего числа нету в списке :(\")\n",
    "    return -1 # Не находим элемент возвращаем -1\n",
    "\n",
    "linear_search(test,len(test),int(input(\"Введите число, которое хотели бы найти \")))\n",
    "\n"
   ]
  },
  {
   "cell_type": "markdown",
   "id": "094eca4f",
   "metadata": {},
   "source": [
    "# Сортировка вставками"
   ]
  },
  {
   "cell_type": "code",
   "execution_count": 23,
   "id": "65e5aac9",
   "metadata": {
    "scrolled": true
   },
   "outputs": [
    {
     "name": "stdout",
     "output_type": "stream",
     "text": [
      "[178, 2019, 56, -1020, 12333, -78, -4, 5, 90, 10]\n",
      "Итерация:  1\n",
      "[178, 2019, 56, -1020, 12333, -78, -4, 5, 90, 10]\n",
      "Итерация:  2\n",
      "[56, 178, 2019, -1020, 12333, -78, -4, 5, 90, 10]\n",
      "Итерация:  3\n",
      "[-1020, 56, 178, 2019, 12333, -78, -4, 5, 90, 10]\n",
      "Итерация:  4\n",
      "[-1020, 56, 178, 2019, 12333, -78, -4, 5, 90, 10]\n",
      "Итерация:  5\n",
      "[-1020, -78, 56, 178, 2019, 12333, -4, 5, 90, 10]\n",
      "Итерация:  6\n",
      "[-1020, -78, -4, 56, 178, 2019, 12333, 5, 90, 10]\n",
      "Итерация:  7\n",
      "[-1020, -78, -4, 5, 56, 178, 2019, 12333, 90, 10]\n",
      "Итерация:  8\n",
      "[-1020, -78, -4, 5, 56, 90, 178, 2019, 12333, 10]\n",
      "Итерация:  9\n",
      "[-1020, -78, -4, 5, 10, 56, 90, 178, 2019, 12333]\n",
      "Введите число, которое хотели бы найти 12\n",
      "Нету такого числа (▀̿Ĺ̯▀̿ ̿)\n"
     ]
    }
   ],
   "source": [
    "# Смысл сортировки вставками заключается в том, что начиная со второго элемента мы сравниваем выбранное число из списка со всеми\n",
    "# предыдущими и вставляем его после элемента который меньше его не затрагивая остальные числа\n",
    "test = [178,2019,56,-1020,12333,-78,-4,5,90,10]\n",
    "print(test)\n",
    "for i in range(1,len(test)):# Индексы от второго элемента\n",
    "    print('Итерация: ',i)\n",
    "    elem = test[i] # Элемент который будем сравнивать\n",
    "    j = i-1 # Индекс предыдущего элемента\n",
    "    while j>=0 and elem<test[j]: # Пока итерируемый индекс j предыдущих элементов >=0(для того чтобы в случае когда все элементы > того который сравниваем(elem), при j=-1 сравниваемый элемент становился в начало как самый меньший) и сравниваемый elem < чем элемент под индексом j\n",
    "        j -= 1                   # уменьшаем индекс j для сравнения с элементом левее\n",
    "    test.insert(j+1,test.pop(i)) # И когда j=-1(сравниваемый элемент вставляем в начало) или элемент под j всё таки меньше сравниваемого - вставляем elem на индекс j+1, при этом удаляя элемент функцией .pop\n",
    "    #list.pop(index) - удаляет элемент в списке под индексом и возвращает значение элемента\n",
    "    #list.insert(index,element) - вставляет элемент на указанный индекс раздвигая остальные элементы если это нужно\n",
    "    print(test)\n",
    "    \n",
    "#Бинарный поиск\n",
    "#Идея в поиске числа методом исключения спрашивая в диапазоне < оно среднего или > меняя при этом границы пока элемент не стал средним\n",
    "\n",
    "def binary_search(listik, elem):\n",
    "    low = 0 #Нижняя граница\n",
    "    high = len(listik) - 1 #Верхняя граница\n",
    " \n",
    "    while low <= high: # Пока нижняя и верхняя границы не зашли друг за друга\n",
    "      \n",
    "        middle = (low + high)//2 # Вводим среднее по отношению к заданным границам\n",
    "       \n",
    "        if listik[middle] == elem: # Если элемент равен среднему\n",
    "            return middle # Выводим его индекс\n",
    "        elif listik[middle] > elem: # Если больше среднего\n",
    "            high = middle - 1 # Сужаем правую границу\n",
    "        else:                 # Если меньше среднего\n",
    "            low = middle + 1  # Сужаем левую\n",
    "\n",
    "result = binary_search(test, int(input(\"Введите число, которое хотели бы найти \")))\n",
    "if result: # Если индекс(result) не None\n",
    "    print(\"Ваше число под индексом: \", str(result))\n",
    "else:\n",
    "    print(\"Нету такого числа (▀̿Ĺ̯▀̿ ̿)\")"
   ]
  },
  {
   "cell_type": "code",
   "execution_count": 30,
   "id": "b881936c",
   "metadata": {},
   "outputs": [
    {
     "name": "stdout",
     "output_type": "stream",
     "text": [
      "[12, 11, 13, 5, 6, 7, 25, -128, -7, -68, 56, 1001, 1, 2, 56, 34, 78, 901, -1023, 321312]\n",
      "Построение двоичной кучи:\n",
      "Итерация:  19\n",
      "[12, 11, 13, 5, 6, 7, 25, -128, -7, -68, 56, 1001, 1, 2, 56, 34, 78, 901, -1023, 321312]\n",
      "Итерация:  18\n",
      "[12, 11, 13, 5, 6, 7, 25, -128, -7, -68, 56, 1001, 1, 2, 56, 34, 78, 901, -1023, 321312]\n",
      "Итерация:  17\n",
      "[12, 11, 13, 5, 6, 7, 25, -128, -7, -68, 56, 1001, 1, 2, 56, 34, 78, 901, -1023, 321312]\n",
      "Итерация:  16\n",
      "[12, 11, 13, 5, 6, 7, 25, -128, -7, -68, 56, 1001, 1, 2, 56, 34, 78, 901, -1023, 321312]\n",
      "Итерация:  15\n",
      "[12, 11, 13, 5, 6, 7, 25, -128, -7, -68, 56, 1001, 1, 2, 56, 34, 78, 901, -1023, 321312]\n",
      "Итерация:  14\n",
      "[12, 11, 13, 5, 6, 7, 25, -128, -7, -68, 56, 1001, 1, 2, 56, 34, 78, 901, -1023, 321312]\n",
      "Итерация:  13\n",
      "[12, 11, 13, 5, 6, 7, 25, -128, -7, -68, 56, 1001, 1, 2, 56, 34, 78, 901, -1023, 321312]\n",
      "Итерация:  12\n",
      "[12, 11, 13, 5, 6, 7, 25, -128, -7, -68, 56, 1001, 1, 2, 56, 34, 78, 901, -1023, 321312]\n",
      "Итерация:  11\n",
      "[12, 11, 13, 5, 6, 7, 25, -128, -7, -68, 56, 1001, 1, 2, 56, 34, 78, 901, -1023, 321312]\n",
      "Итерация:  10\n",
      "[12, 11, 13, 5, 6, 7, 25, -128, -7, -68, 56, 1001, 1, 2, 56, 34, 78, 901, -1023, 321312]\n",
      "Итерация:  9\n",
      "[12, 11, 13, 5, 6, 7, 25, -128, -7, 321312, 56, 1001, 1, 2, 56, 34, 78, 901, -1023, -68]\n",
      "[12, 11, 13, 5, 6, 7, 25, -128, -7, 321312, 56, 1001, 1, 2, 56, 34, 78, 901, -1023, -68]\n",
      "[12, 11, 13, 5, 6, 7, 25, -128, -7, 321312, 56, 1001, 1, 2, 56, 34, 78, 901, -1023, -68]\n",
      "Итерация:  8\n",
      "[12, 11, 13, 5, 6, 7, 25, -128, 901, 321312, 56, 1001, 1, 2, 56, 34, 78, -7, -1023, -68]\n",
      "[12, 11, 13, 5, 6, 7, 25, -128, 901, 321312, 56, 1001, 1, 2, 56, 34, 78, -7, -1023, -68]\n",
      "[12, 11, 13, 5, 6, 7, 25, -128, 901, 321312, 56, 1001, 1, 2, 56, 34, 78, -7, -1023, -68]\n",
      "Итерация:  7\n",
      "[12, 11, 13, 5, 6, 7, 25, 78, 901, 321312, 56, 1001, 1, 2, 56, 34, -128, -7, -1023, -68]\n",
      "[12, 11, 13, 5, 6, 7, 25, 78, 901, 321312, 56, 1001, 1, 2, 56, 34, -128, -7, -1023, -68]\n",
      "[12, 11, 13, 5, 6, 7, 25, 78, 901, 321312, 56, 1001, 1, 2, 56, 34, -128, -7, -1023, -68]\n",
      "Итерация:  6\n",
      "[12, 11, 13, 5, 6, 7, 56, 78, 901, 321312, 56, 1001, 1, 2, 25, 34, -128, -7, -1023, -68]\n",
      "[12, 11, 13, 5, 6, 7, 56, 78, 901, 321312, 56, 1001, 1, 2, 25, 34, -128, -7, -1023, -68]\n",
      "[12, 11, 13, 5, 6, 7, 56, 78, 901, 321312, 56, 1001, 1, 2, 25, 34, -128, -7, -1023, -68]\n",
      "Итерация:  5\n",
      "[12, 11, 13, 5, 6, 1001, 56, 78, 901, 321312, 56, 7, 1, 2, 25, 34, -128, -7, -1023, -68]\n",
      "[12, 11, 13, 5, 6, 1001, 56, 78, 901, 321312, 56, 7, 1, 2, 25, 34, -128, -7, -1023, -68]\n",
      "[12, 11, 13, 5, 6, 1001, 56, 78, 901, 321312, 56, 7, 1, 2, 25, 34, -128, -7, -1023, -68]\n",
      "Итерация:  4\n",
      "[12, 11, 13, 5, 321312, 1001, 56, 78, 901, 6, 56, 7, 1, 2, 25, 34, -128, -7, -1023, -68]\n",
      "[12, 11, 13, 5, 321312, 1001, 56, 78, 901, 6, 56, 7, 1, 2, 25, 34, -128, -7, -1023, -68]\n",
      "[12, 11, 13, 5, 321312, 1001, 56, 78, 901, 6, 56, 7, 1, 2, 25, 34, -128, -7, -1023, -68]\n",
      "Итерация:  3\n",
      "[12, 11, 13, 901, 321312, 1001, 56, 78, 5, 6, 56, 7, 1, 2, 25, 34, -128, -7, -1023, -68]\n",
      "[12, 11, 13, 901, 321312, 1001, 56, 78, 5, 6, 56, 7, 1, 2, 25, 34, -128, -7, -1023, -68]\n",
      "[12, 11, 13, 901, 321312, 1001, 56, 78, 5, 6, 56, 7, 1, 2, 25, 34, -128, -7, -1023, -68]\n",
      "Итерация:  2\n",
      "[12, 11, 1001, 901, 321312, 13, 56, 78, 5, 6, 56, 7, 1, 2, 25, 34, -128, -7, -1023, -68]\n",
      "[12, 11, 1001, 901, 321312, 13, 56, 78, 5, 6, 56, 7, 1, 2, 25, 34, -128, -7, -1023, -68]\n",
      "[12, 11, 1001, 901, 321312, 13, 56, 78, 5, 6, 56, 7, 1, 2, 25, 34, -128, -7, -1023, -68]\n",
      "Итерация:  1\n",
      "[12, 321312, 1001, 901, 11, 13, 56, 78, 5, 6, 56, 7, 1, 2, 25, 34, -128, -7, -1023, -68]\n",
      "[12, 321312, 1001, 901, 56, 13, 56, 78, 5, 6, 11, 7, 1, 2, 25, 34, -128, -7, -1023, -68]\n",
      "[12, 321312, 1001, 901, 56, 13, 56, 78, 5, 6, 11, 7, 1, 2, 25, 34, -128, -7, -1023, -68]\n",
      "[12, 321312, 1001, 901, 56, 13, 56, 78, 5, 6, 11, 7, 1, 2, 25, 34, -128, -7, -1023, -68]\n",
      "[12, 321312, 1001, 901, 56, 13, 56, 78, 5, 6, 11, 7, 1, 2, 25, 34, -128, -7, -1023, -68]\n",
      "Итерация:  0\n",
      "[321312, 12, 1001, 901, 56, 13, 56, 78, 5, 6, 11, 7, 1, 2, 25, 34, -128, -7, -1023, -68]\n",
      "[321312, 901, 1001, 12, 56, 13, 56, 78, 5, 6, 11, 7, 1, 2, 25, 34, -128, -7, -1023, -68]\n",
      "[321312, 901, 1001, 78, 56, 13, 56, 12, 5, 6, 11, 7, 1, 2, 25, 34, -128, -7, -1023, -68]\n",
      "[321312, 901, 1001, 78, 56, 13, 56, 34, 5, 6, 11, 7, 1, 2, 25, 12, -128, -7, -1023, -68]\n",
      "[321312, 901, 1001, 78, 56, 13, 56, 34, 5, 6, 11, 7, 1, 2, 25, 12, -128, -7, -1023, -68]\n",
      "[321312, 901, 1001, 78, 56, 13, 56, 34, 5, 6, 11, 7, 1, 2, 25, 12, -128, -7, -1023, -68]\n",
      "[321312, 901, 1001, 78, 56, 13, 56, 34, 5, 6, 11, 7, 1, 2, 25, 12, -128, -7, -1023, -68]\n",
      "[321312, 901, 1001, 78, 56, 13, 56, 34, 5, 6, 11, 7, 1, 2, 25, 12, -128, -7, -1023, -68]\n",
      "[321312, 901, 1001, 78, 56, 13, 56, 34, 5, 6, 11, 7, 1, 2, 25, 12, -128, -7, -1023, -68]\n",
      "[321312, 901, 1001, 78, 56, 13, 56, 34, 5, 6, 11, 7, 1, 2, 25, 12, -128, -7, -1023, -68]\n",
      "_________\n",
      "Начало сортировки:\n",
      "Итерация:  19\n",
      "[-68, 901, 1001, 78, 56, 13, 56, 34, 5, 6, 11, 7, 1, 2, 25, 12, -128, -7, -1023, 321312]\n",
      "[1001, 901, -68, 78, 56, 13, 56, 34, 5, 6, 11, 7, 1, 2, 25, 12, -128, -7, -1023, 321312]\n",
      "[1001, 901, 56, 78, 56, 13, -68, 34, 5, 6, 11, 7, 1, 2, 25, 12, -128, -7, -1023, 321312]\n",
      "[1001, 901, 56, 78, 56, 13, 25, 34, 5, 6, 11, 7, 1, 2, -68, 12, -128, -7, -1023, 321312]\n",
      "[1001, 901, 56, 78, 56, 13, 25, 34, 5, 6, 11, 7, 1, 2, -68, 12, -128, -7, -1023, 321312]\n",
      "[1001, 901, 56, 78, 56, 13, 25, 34, 5, 6, 11, 7, 1, 2, -68, 12, -128, -7, -1023, 321312]\n",
      "[1001, 901, 56, 78, 56, 13, 25, 34, 5, 6, 11, 7, 1, 2, -68, 12, -128, -7, -1023, 321312]\n",
      "[1001, 901, 56, 78, 56, 13, 25, 34, 5, 6, 11, 7, 1, 2, -68, 12, -128, -7, -1023, 321312]\n",
      "Итерация:  18\n",
      "[-1023, 901, 56, 78, 56, 13, 25, 34, 5, 6, 11, 7, 1, 2, -68, 12, -128, -7, 1001, 321312]\n",
      "[901, -1023, 56, 78, 56, 13, 25, 34, 5, 6, 11, 7, 1, 2, -68, 12, -128, -7, 1001, 321312]\n",
      "[901, 78, 56, -1023, 56, 13, 25, 34, 5, 6, 11, 7, 1, 2, -68, 12, -128, -7, 1001, 321312]\n",
      "[901, 78, 56, 34, 56, 13, 25, -1023, 5, 6, 11, 7, 1, 2, -68, 12, -128, -7, 1001, 321312]\n",
      "[901, 78, 56, 34, 56, 13, 25, 12, 5, 6, 11, 7, 1, 2, -68, -1023, -128, -7, 1001, 321312]\n",
      "[901, 78, 56, 34, 56, 13, 25, 12, 5, 6, 11, 7, 1, 2, -68, -1023, -128, -7, 1001, 321312]\n",
      "[901, 78, 56, 34, 56, 13, 25, 12, 5, 6, 11, 7, 1, 2, -68, -1023, -128, -7, 1001, 321312]\n",
      "[901, 78, 56, 34, 56, 13, 25, 12, 5, 6, 11, 7, 1, 2, -68, -1023, -128, -7, 1001, 321312]\n",
      "[901, 78, 56, 34, 56, 13, 25, 12, 5, 6, 11, 7, 1, 2, -68, -1023, -128, -7, 1001, 321312]\n",
      "[901, 78, 56, 34, 56, 13, 25, 12, 5, 6, 11, 7, 1, 2, -68, -1023, -128, -7, 1001, 321312]\n",
      "Итерация:  17\n",
      "[-7, 78, 56, 34, 56, 13, 25, 12, 5, 6, 11, 7, 1, 2, -68, -1023, -128, 901, 1001, 321312]\n",
      "[78, -7, 56, 34, 56, 13, 25, 12, 5, 6, 11, 7, 1, 2, -68, -1023, -128, 901, 1001, 321312]\n",
      "[78, 56, 56, 34, -7, 13, 25, 12, 5, 6, 11, 7, 1, 2, -68, -1023, -128, 901, 1001, 321312]\n",
      "[78, 56, 56, 34, 11, 13, 25, 12, 5, 6, -7, 7, 1, 2, -68, -1023, -128, 901, 1001, 321312]\n",
      "[78, 56, 56, 34, 11, 13, 25, 12, 5, 6, -7, 7, 1, 2, -68, -1023, -128, 901, 1001, 321312]\n",
      "[78, 56, 56, 34, 11, 13, 25, 12, 5, 6, -7, 7, 1, 2, -68, -1023, -128, 901, 1001, 321312]\n",
      "[78, 56, 56, 34, 11, 13, 25, 12, 5, 6, -7, 7, 1, 2, -68, -1023, -128, 901, 1001, 321312]\n",
      "[78, 56, 56, 34, 11, 13, 25, 12, 5, 6, -7, 7, 1, 2, -68, -1023, -128, 901, 1001, 321312]\n",
      "Итерация:  16\n",
      "[-128, 56, 56, 34, 11, 13, 25, 12, 5, 6, -7, 7, 1, 2, -68, -1023, 78, 901, 1001, 321312]\n",
      "[56, -128, 56, 34, 11, 13, 25, 12, 5, 6, -7, 7, 1, 2, -68, -1023, 78, 901, 1001, 321312]\n",
      "[56, 34, 56, -128, 11, 13, 25, 12, 5, 6, -7, 7, 1, 2, -68, -1023, 78, 901, 1001, 321312]\n",
      "[56, 34, 56, 12, 11, 13, 25, -128, 5, 6, -7, 7, 1, 2, -68, -1023, 78, 901, 1001, 321312]\n",
      "[56, 34, 56, 12, 11, 13, 25, -128, 5, 6, -7, 7, 1, 2, -68, -1023, 78, 901, 1001, 321312]\n",
      "[56, 34, 56, 12, 11, 13, 25, -128, 5, 6, -7, 7, 1, 2, -68, -1023, 78, 901, 1001, 321312]\n",
      "[56, 34, 56, 12, 11, 13, 25, -128, 5, 6, -7, 7, 1, 2, -68, -1023, 78, 901, 1001, 321312]\n",
      "[56, 34, 56, 12, 11, 13, 25, -128, 5, 6, -7, 7, 1, 2, -68, -1023, 78, 901, 1001, 321312]\n",
      "Итерация:  15\n",
      "[-1023, 34, 56, 12, 11, 13, 25, -128, 5, 6, -7, 7, 1, 2, -68, 56, 78, 901, 1001, 321312]\n",
      "[56, 34, -1023, 12, 11, 13, 25, -128, 5, 6, -7, 7, 1, 2, -68, 56, 78, 901, 1001, 321312]\n",
      "[56, 34, 25, 12, 11, 13, -1023, -128, 5, 6, -7, 7, 1, 2, -68, 56, 78, 901, 1001, 321312]\n",
      "[56, 34, 25, 12, 11, 13, 2, -128, 5, 6, -7, 7, 1, -1023, -68, 56, 78, 901, 1001, 321312]\n",
      "[56, 34, 25, 12, 11, 13, 2, -128, 5, 6, -7, 7, 1, -1023, -68, 56, 78, 901, 1001, 321312]\n",
      "[56, 34, 25, 12, 11, 13, 2, -128, 5, 6, -7, 7, 1, -1023, -68, 56, 78, 901, 1001, 321312]\n",
      "[56, 34, 25, 12, 11, 13, 2, -128, 5, 6, -7, 7, 1, -1023, -68, 56, 78, 901, 1001, 321312]\n",
      "[56, 34, 25, 12, 11, 13, 2, -128, 5, 6, -7, 7, 1, -1023, -68, 56, 78, 901, 1001, 321312]\n",
      "Итерация:  14\n",
      "[-68, 34, 25, 12, 11, 13, 2, -128, 5, 6, -7, 7, 1, -1023, 56, 56, 78, 901, 1001, 321312]\n",
      "[34, -68, 25, 12, 11, 13, 2, -128, 5, 6, -7, 7, 1, -1023, 56, 56, 78, 901, 1001, 321312]\n",
      "[34, 12, 25, -68, 11, 13, 2, -128, 5, 6, -7, 7, 1, -1023, 56, 56, 78, 901, 1001, 321312]\n",
      "[34, 12, 25, 5, 11, 13, 2, -128, -68, 6, -7, 7, 1, -1023, 56, 56, 78, 901, 1001, 321312]\n",
      "[34, 12, 25, 5, 11, 13, 2, -128, -68, 6, -7, 7, 1, -1023, 56, 56, 78, 901, 1001, 321312]\n",
      "[34, 12, 25, 5, 11, 13, 2, -128, -68, 6, -7, 7, 1, -1023, 56, 56, 78, 901, 1001, 321312]\n",
      "[34, 12, 25, 5, 11, 13, 2, -128, -68, 6, -7, 7, 1, -1023, 56, 56, 78, 901, 1001, 321312]\n",
      "[34, 12, 25, 5, 11, 13, 2, -128, -68, 6, -7, 7, 1, -1023, 56, 56, 78, 901, 1001, 321312]\n",
      "Итерация:  13\n",
      "[-1023, 12, 25, 5, 11, 13, 2, -128, -68, 6, -7, 7, 1, 34, 56, 56, 78, 901, 1001, 321312]\n",
      "[25, 12, -1023, 5, 11, 13, 2, -128, -68, 6, -7, 7, 1, 34, 56, 56, 78, 901, 1001, 321312]\n",
      "[25, 12, 13, 5, 11, -1023, 2, -128, -68, 6, -7, 7, 1, 34, 56, 56, 78, 901, 1001, 321312]\n",
      "[25, 12, 13, 5, 11, 7, 2, -128, -68, 6, -7, -1023, 1, 34, 56, 56, 78, 901, 1001, 321312]\n",
      "[25, 12, 13, 5, 11, 7, 2, -128, -68, 6, -7, -1023, 1, 34, 56, 56, 78, 901, 1001, 321312]\n",
      "[25, 12, 13, 5, 11, 7, 2, -128, -68, 6, -7, -1023, 1, 34, 56, 56, 78, 901, 1001, 321312]\n",
      "[25, 12, 13, 5, 11, 7, 2, -128, -68, 6, -7, -1023, 1, 34, 56, 56, 78, 901, 1001, 321312]\n",
      "[25, 12, 13, 5, 11, 7, 2, -128, -68, 6, -7, -1023, 1, 34, 56, 56, 78, 901, 1001, 321312]\n",
      "Итерация:  12\n",
      "[1, 12, 13, 5, 11, 7, 2, -128, -68, 6, -7, -1023, 25, 34, 56, 56, 78, 901, 1001, 321312]\n",
      "[13, 12, 1, 5, 11, 7, 2, -128, -68, 6, -7, -1023, 25, 34, 56, 56, 78, 901, 1001, 321312]\n",
      "[13, 12, 7, 5, 11, 1, 2, -128, -68, 6, -7, -1023, 25, 34, 56, 56, 78, 901, 1001, 321312]\n",
      "[13, 12, 7, 5, 11, 1, 2, -128, -68, 6, -7, -1023, 25, 34, 56, 56, 78, 901, 1001, 321312]\n",
      "[13, 12, 7, 5, 11, 1, 2, -128, -68, 6, -7, -1023, 25, 34, 56, 56, 78, 901, 1001, 321312]\n",
      "[13, 12, 7, 5, 11, 1, 2, -128, -68, 6, -7, -1023, 25, 34, 56, 56, 78, 901, 1001, 321312]\n",
      "Итерация:  11\n",
      "[-1023, 12, 7, 5, 11, 1, 2, -128, -68, 6, -7, 13, 25, 34, 56, 56, 78, 901, 1001, 321312]\n",
      "[12, -1023, 7, 5, 11, 1, 2, -128, -68, 6, -7, 13, 25, 34, 56, 56, 78, 901, 1001, 321312]\n",
      "[12, 11, 7, 5, -1023, 1, 2, -128, -68, 6, -7, 13, 25, 34, 56, 56, 78, 901, 1001, 321312]\n",
      "[12, 11, 7, 5, 6, 1, 2, -128, -68, -1023, -7, 13, 25, 34, 56, 56, 78, 901, 1001, 321312]\n",
      "[12, 11, 7, 5, 6, 1, 2, -128, -68, -1023, -7, 13, 25, 34, 56, 56, 78, 901, 1001, 321312]\n",
      "[12, 11, 7, 5, 6, 1, 2, -128, -68, -1023, -7, 13, 25, 34, 56, 56, 78, 901, 1001, 321312]\n",
      "[12, 11, 7, 5, 6, 1, 2, -128, -68, -1023, -7, 13, 25, 34, 56, 56, 78, 901, 1001, 321312]\n",
      "[12, 11, 7, 5, 6, 1, 2, -128, -68, -1023, -7, 13, 25, 34, 56, 56, 78, 901, 1001, 321312]\n",
      "Итерация:  10\n",
      "[-7, 11, 7, 5, 6, 1, 2, -128, -68, -1023, 12, 13, 25, 34, 56, 56, 78, 901, 1001, 321312]\n",
      "[11, -7, 7, 5, 6, 1, 2, -128, -68, -1023, 12, 13, 25, 34, 56, 56, 78, 901, 1001, 321312]\n",
      "[11, 6, 7, 5, -7, 1, 2, -128, -68, -1023, 12, 13, 25, 34, 56, 56, 78, 901, 1001, 321312]\n",
      "[11, 6, 7, 5, -7, 1, 2, -128, -68, -1023, 12, 13, 25, 34, 56, 56, 78, 901, 1001, 321312]\n",
      "[11, 6, 7, 5, -7, 1, 2, -128, -68, -1023, 12, 13, 25, 34, 56, 56, 78, 901, 1001, 321312]\n",
      "[11, 6, 7, 5, -7, 1, 2, -128, -68, -1023, 12, 13, 25, 34, 56, 56, 78, 901, 1001, 321312]\n",
      "Итерация:  9\n",
      "[-1023, 6, 7, 5, -7, 1, 2, -128, -68, 11, 12, 13, 25, 34, 56, 56, 78, 901, 1001, 321312]\n",
      "[7, 6, -1023, 5, -7, 1, 2, -128, -68, 11, 12, 13, 25, 34, 56, 56, 78, 901, 1001, 321312]\n",
      "[7, 6, 2, 5, -7, 1, -1023, -128, -68, 11, 12, 13, 25, 34, 56, 56, 78, 901, 1001, 321312]\n",
      "[7, 6, 2, 5, -7, 1, -1023, -128, -68, 11, 12, 13, 25, 34, 56, 56, 78, 901, 1001, 321312]\n",
      "[7, 6, 2, 5, -7, 1, -1023, -128, -68, 11, 12, 13, 25, 34, 56, 56, 78, 901, 1001, 321312]\n",
      "[7, 6, 2, 5, -7, 1, -1023, -128, -68, 11, 12, 13, 25, 34, 56, 56, 78, 901, 1001, 321312]\n",
      "Итерация:  8\n",
      "[-68, 6, 2, 5, -7, 1, -1023, -128, 7, 11, 12, 13, 25, 34, 56, 56, 78, 901, 1001, 321312]\n",
      "[6, -68, 2, 5, -7, 1, -1023, -128, 7, 11, 12, 13, 25, 34, 56, 56, 78, 901, 1001, 321312]\n",
      "[6, 5, 2, -68, -7, 1, -1023, -128, 7, 11, 12, 13, 25, 34, 56, 56, 78, 901, 1001, 321312]\n",
      "[6, 5, 2, -68, -7, 1, -1023, -128, 7, 11, 12, 13, 25, 34, 56, 56, 78, 901, 1001, 321312]\n",
      "[6, 5, 2, -68, -7, 1, -1023, -128, 7, 11, 12, 13, 25, 34, 56, 56, 78, 901, 1001, 321312]\n",
      "[6, 5, 2, -68, -7, 1, -1023, -128, 7, 11, 12, 13, 25, 34, 56, 56, 78, 901, 1001, 321312]\n",
      "Итерация:  7\n",
      "[-128, 5, 2, -68, -7, 1, -1023, 6, 7, 11, 12, 13, 25, 34, 56, 56, 78, 901, 1001, 321312]\n",
      "[5, -128, 2, -68, -7, 1, -1023, 6, 7, 11, 12, 13, 25, 34, 56, 56, 78, 901, 1001, 321312]\n",
      "[5, -7, 2, -68, -128, 1, -1023, 6, 7, 11, 12, 13, 25, 34, 56, 56, 78, 901, 1001, 321312]\n",
      "[5, -7, 2, -68, -128, 1, -1023, 6, 7, 11, 12, 13, 25, 34, 56, 56, 78, 901, 1001, 321312]\n",
      "[5, -7, 2, -68, -128, 1, -1023, 6, 7, 11, 12, 13, 25, 34, 56, 56, 78, 901, 1001, 321312]\n",
      "[5, -7, 2, -68, -128, 1, -1023, 6, 7, 11, 12, 13, 25, 34, 56, 56, 78, 901, 1001, 321312]\n",
      "Итерация:  6\n",
      "[-1023, -7, 2, -68, -128, 1, 5, 6, 7, 11, 12, 13, 25, 34, 56, 56, 78, 901, 1001, 321312]\n",
      "[2, -7, -1023, -68, -128, 1, 5, 6, 7, 11, 12, 13, 25, 34, 56, 56, 78, 901, 1001, 321312]\n",
      "[2, -7, 1, -68, -128, -1023, 5, 6, 7, 11, 12, 13, 25, 34, 56, 56, 78, 901, 1001, 321312]\n",
      "[2, -7, 1, -68, -128, -1023, 5, 6, 7, 11, 12, 13, 25, 34, 56, 56, 78, 901, 1001, 321312]\n",
      "[2, -7, 1, -68, -128, -1023, 5, 6, 7, 11, 12, 13, 25, 34, 56, 56, 78, 901, 1001, 321312]\n",
      "[2, -7, 1, -68, -128, -1023, 5, 6, 7, 11, 12, 13, 25, 34, 56, 56, 78, 901, 1001, 321312]\n",
      "Итерация:  5\n",
      "[-1023, -7, 1, -68, -128, 2, 5, 6, 7, 11, 12, 13, 25, 34, 56, 56, 78, 901, 1001, 321312]\n",
      "[1, -7, -1023, -68, -128, 2, 5, 6, 7, 11, 12, 13, 25, 34, 56, 56, 78, 901, 1001, 321312]\n",
      "[1, -7, -1023, -68, -128, 2, 5, 6, 7, 11, 12, 13, 25, 34, 56, 56, 78, 901, 1001, 321312]\n",
      "[1, -7, -1023, -68, -128, 2, 5, 6, 7, 11, 12, 13, 25, 34, 56, 56, 78, 901, 1001, 321312]\n",
      "Итерация:  4\n",
      "[-128, -7, -1023, -68, 1, 2, 5, 6, 7, 11, 12, 13, 25, 34, 56, 56, 78, 901, 1001, 321312]\n",
      "[-7, -128, -1023, -68, 1, 2, 5, 6, 7, 11, 12, 13, 25, 34, 56, 56, 78, 901, 1001, 321312]\n",
      "[-7, -68, -1023, -128, 1, 2, 5, 6, 7, 11, 12, 13, 25, 34, 56, 56, 78, 901, 1001, 321312]\n",
      "[-7, -68, -1023, -128, 1, 2, 5, 6, 7, 11, 12, 13, 25, 34, 56, 56, 78, 901, 1001, 321312]\n",
      "[-7, -68, -1023, -128, 1, 2, 5, 6, 7, 11, 12, 13, 25, 34, 56, 56, 78, 901, 1001, 321312]\n",
      "[-7, -68, -1023, -128, 1, 2, 5, 6, 7, 11, 12, 13, 25, 34, 56, 56, 78, 901, 1001, 321312]\n",
      "Итерация:  3\n",
      "[-128, -68, -1023, -7, 1, 2, 5, 6, 7, 11, 12, 13, 25, 34, 56, 56, 78, 901, 1001, 321312]\n",
      "[-68, -128, -1023, -7, 1, 2, 5, 6, 7, 11, 12, 13, 25, 34, 56, 56, 78, 901, 1001, 321312]\n",
      "[-68, -128, -1023, -7, 1, 2, 5, 6, 7, 11, 12, 13, 25, 34, 56, 56, 78, 901, 1001, 321312]\n",
      "[-68, -128, -1023, -7, 1, 2, 5, 6, 7, 11, 12, 13, 25, 34, 56, 56, 78, 901, 1001, 321312]\n",
      "Итерация:  2\n",
      "[-1023, -128, -68, -7, 1, 2, 5, 6, 7, 11, 12, 13, 25, 34, 56, 56, 78, 901, 1001, 321312]\n",
      "[-128, -1023, -68, -7, 1, 2, 5, 6, 7, 11, 12, 13, 25, 34, 56, 56, 78, 901, 1001, 321312]\n",
      "[-128, -1023, -68, -7, 1, 2, 5, 6, 7, 11, 12, 13, 25, 34, 56, 56, 78, 901, 1001, 321312]\n",
      "[-128, -1023, -68, -7, 1, 2, 5, 6, 7, 11, 12, 13, 25, 34, 56, 56, 78, 901, 1001, 321312]\n",
      "Итерация:  1\n",
      "[-1023, -128, -68, -7, 1, 2, 5, 6, 7, 11, 12, 13, 25, 34, 56, 56, 78, 901, 1001, 321312]\n",
      "[-1023, -128, -68, -7, 1, 2, 5, 6, 7, 11, 12, 13, 25, 34, 56, 56, 78, 901, 1001, 321312]\n",
      "Итог:  [-1023, -128, -68, -7, 1, 2, 5, 6, 7, 11, 12, 13, 25, 34, 56, 56, 78, 901, 1001, 321312]\n"
     ]
    },
    {
     "name": "stdout",
     "output_type": "stream",
     "text": [
      "Введите число, которое хотели бы найти 12\n",
      "Ваше число под индексом:  10\n"
     ]
    }
   ],
   "source": [
    "# Пирамидальная сортировка заключается в представлении нашего списка в виде бинарного дерева в исходной последовательности:\n",
    "#        0\n",
    "#       | \\\n",
    "#      3   -1\n",
    "#     | \\  | \\\n",
    "#    4  10 3 -8\n",
    "# Далее сравниваем выбранный корень и его два подкорня, начиная снизу и если подкорни больше чем корень меняем их местами\n",
    "# Таким образом находим самый большой элемент который будет стоять в начале массива и будет являтся корнем всего дерева\n",
    "# и меняем наш максимум с последним элементом списка, и из раза в раз находя больший элемент и дальше сортируя дерево\n",
    "# преобразовываем наш список в сортированный\n",
    "\n",
    "# Сортировка дерева, преобразовывающее его в двоичную кучу\n",
    "def binary_heap_sort(arr, n, i):\n",
    "    #Индексы:\n",
    "    largest = i # Largest - корень нашей рассматриваемой части дерева\n",
    "    left = 2 * i + 1   # Левый подкорень\n",
    "    right = 2 * i + 2   # Правый подкорень\n",
    "\n",
    "  # Проверяем существует ли левый дочерний элемент больший, чем корень\n",
    "    if left < n and arr[i] < arr[left]:\n",
    "        largest = left\n",
    "\n",
    "  # Проверяем существует ли правый дочерний элемент больший, чем корень\n",
    "    if right < n and arr[largest] < arr[right]:\n",
    "        largest = right\n",
    "\n",
    "    # Заменяем корень, если предыдущие условия могли выполнится и заменили largest на right или left\n",
    "    if largest != i:\n",
    "        arr[i],arr[largest] = arr[largest],arr[i] # Меняем корень с подкорнем\n",
    "        print(arr)\n",
    "\n",
    "        # Применяем heapify к корню.\n",
    "        binary_heap_sort(arr, n, largest)\n",
    "        print(arr)\n",
    "\n",
    "# Основная функция для сортировки массива с использованием функции формирования двоичной кучи\n",
    "def piramid_sort(arr):\n",
    "    n = len(arr) # Количество элементов в массиве\n",
    "    print(\"Построение двоичной кучи:\")\n",
    "    # Построение двоичной кучи, после которой совершается сортировка\n",
    "    for i in range(n-1, -1, -1): # С самого правого по самый левый элементы с учетом\n",
    "        print('Итерация: ',i)\n",
    "        binary_heap_sort(arr, n, i) # Сортируем наше дерево для получения двоичной кучи\n",
    "        print(arr)\n",
    "    print(arr)\n",
    "    print(\"_________\")\n",
    "    print(\"Начало сортировки:\")\n",
    "    # Сортировка элементов\n",
    "    for i in range(n-1, 0, -1): #Берём индексы c самого правого до самого левого\n",
    "        print('Итерация: ',i)\n",
    "        arr[i], arr[0] = arr[0], arr[i] # Меняем первый элемент(Самый больший после функции сортировки) на последний\n",
    "        print(arr)\n",
    "        binary_heap_sort(arr, i, 0) # Снова сортируем элементы\n",
    "        print(arr)\n",
    "\n",
    "# Управляющий код для тестирования\n",
    "arr = [12, 11, 13, 5, 6, 7,25,-128,-7,-68,56,1001,1,2,56,34,78,901,-1023,321312]\n",
    "print(arr)\n",
    "piramid_sort(arr)\n",
    "print (\"Итог: \", arr)\n",
    "\n",
    "# Интерполяционный поиск \n",
    "# Это еще один алгоритм разделяй и властвуй но он начинает не с среднего значения относительно индексов а по формуле с предполагаемого индекса\n",
    "# формула: index = low + ((target-listik[low])*(high-low) / (listik[high]-listik[low]))\n",
    "\n",
    "def interpolation_search(listik, target):\n",
    "    low = 0\n",
    "    high = (len(listik) - 1)\n",
    "    while low <= high and target >= listik[low] and target <= listik[high]: # Пока нижняя и верхняя границы не перешли через друг друга и искомое в наших границах\n",
    "        index = low + int((target-listik[low])*(high-low) / (listik[high]-listik[low])) # Исполняем формулу поиска примерного индекса\n",
    "        if listik[index] == target: # Если попали\n",
    "            return index # Выводим\n",
    "        if listik[index] < target: # Если меньше\n",
    "            low = index + 1; # Сужаем нижнюю границу\n",
    "        else:                # Если больше\n",
    "            high = index - 1; # Сужаем верхнюю\n",
    "    return -1\n",
    "\n",
    "result = interpolation_search(arr, int(input(\"Введите число, которое хотели бы найти \")))\n",
    "if result!=-1: # Если результат не -1(не нашло элемент)\n",
    "    print(\"Ваше число под индексом: \", str(result))\n",
    "else:\n",
    "    print(\"Нету такого числа (▀̿Ĺ̯▀̿ ̿)\")"
   ]
  },
  {
   "cell_type": "code",
   "execution_count": null,
   "id": "3efd1e3a",
   "metadata": {},
   "outputs": [],
   "source": []
  },
  {
   "cell_type": "code",
   "execution_count": null,
   "id": "a0e4b33a",
   "metadata": {},
   "outputs": [],
   "source": []
  },
  {
   "cell_type": "code",
   "execution_count": null,
   "id": "7827518e",
   "metadata": {},
   "outputs": [],
   "source": []
  },
  {
   "cell_type": "code",
   "execution_count": null,
   "id": "bd1e02c5",
   "metadata": {},
   "outputs": [],
   "source": []
  },
  {
   "cell_type": "code",
   "execution_count": null,
   "id": "e65109fe",
   "metadata": {},
   "outputs": [],
   "source": []
  },
  {
   "cell_type": "code",
   "execution_count": null,
   "id": "0ebdacf3",
   "metadata": {},
   "outputs": [],
   "source": []
  },
  {
   "cell_type": "code",
   "execution_count": null,
   "id": "8a5e2bb8",
   "metadata": {},
   "outputs": [],
   "source": [
    "# Смысл сортировки вставками заключается в том, что начиная со второго элемента мы сравниваем выбранное число из списка со всеми\n",
    "# предыдущими и вставляем его после элемента который меньше его не затрагивая остальные числа\n",
    "\n",
    "test = [178,2019,56,-1020,12333,-78,-4,5,90,10]\n",
    "print(test)\n",
    "for i in range(1,len(test)):# Индексы от второго элемента\n",
    "    print(i)\n",
    "    elem = test[i] # Элемент который будем сравнивать\n",
    "    j = i-1 # Индекс предыдущего элемента\n",
    "    print(test)\n",
    "    while j>=0 and test[j]>elem:\n",
    "        test[j+1] = test[j]\n",
    "        j=j-1\n",
    "        print(test)\n",
    "    test[j+1]=elem"
   ]
  }
 ],
 "metadata": {
  "kernelspec": {
   "display_name": "Python 3 (ipykernel)",
   "language": "python",
   "name": "python3"
  },
  "language_info": {
   "codemirror_mode": {
    "name": "ipython",
    "version": 3
   },
   "file_extension": ".py",
   "mimetype": "text/x-python",
   "name": "python",
   "nbconvert_exporter": "python",
   "pygments_lexer": "ipython3",
   "version": "3.11.4"
  }
 },
 "nbformat": 4,
 "nbformat_minor": 5
}
